1 0 0 0
0 1 0 0
0 0 1 0
0 0 0 1
0.254994 0.254696 0.237939 0.252370
0.002562 0.623999 0.351874 0.021565
0.367222 0.014281 0.607072 0.011425
0.002985 0.019563 0.593178 0.384273
0.012141 0.348368 0.012266 0.627225
0.366357 0.614997 0.017446 0.001200
0.617999 0.028577 0.009976 0.343448
0.009000 0.291362 0.668843 0.030795
0.266909 0.009601 0.119515 0.603976
0.678277 0.001201 0.296156 0.024365
0.069176 0.610574 0.018183 0.302067
0.633903 0.308025 0.020014 0.038058
0.009379 0.148490 0.296502 0.545629
0.222861 0.348471 0.427992 0.000676
0.000218 0.328631 0.421216 0.249934
0.273133 0.006198 0.437949 0.282720
0.470017 0.235298 0.276144 0.018540
0.267840 0.286294 0.002461 0.443406
0.104022 0.017948 0.752396 0.125634
0.394987 0.393554 0.027816 0.183643
0.199195 0.501588 0.194906 0.104310
0.464807 0.058226 0.230234 0.246733
0.128605 0.749411 0.105712 0.016272
0.054803 0.383214 0.170696 0.391287
0.033196 0.060082 0.141747 0.764975
0.756995 0.059493 0.056051 0.127460
0.179014 0.149619 0.550009 0.121357
0.406120 0.100386 0.074364 0.419131
0.475657 0.023534 0.409912 0.090898
0.203281 0.023069 0.303539 0.470111
0.005310 0.527762 0.254518 0.212409
0.023524 0.444244 0.493493 0.038739
0.399730 0.424657 0.174758 0.000855
0.101596 0.146996 0.414405 0.337003
0.171839 0.176319 0.008795 0.643047
0.510127 0.209190 0.080260 0.200423
0.011152 0.790558 0.004151 0.194139
0.210359 0.435384 0.079912 0.274345
0.183427 0.196697 0.180576 0.439300
0.344876 0.176138 0.446673 0.032313
0.046610 0.481436 0.005013 0.466941
0.000805 0.137296 0.850131 0.011768
0.014169 0.146636 0.626726 0.212469
0.199749 0.617984 0.034807 0.147460
0.042469 0.007819 0.433631 0.516081
0.135168 0.019910 0.000300 0.844622
0.506419 0.481125 0.001967 0.010489
0.098643 0.002727 0.260277 0.638353
0.624486 0.138996 0.160568 0.075950
0.133812 0.378250 0.329924 0.158014
0.144231 0.012523 0.602335 0.240910
0.208907 0.099541 0.687879 0.003673
0.027062 0.205137 0.136001 0.631800
0.299723 0.332140 0.277200 0.090937
0.347823 0.121473 0.347823 0.182882
0.310999 0.097232 0.239037 0.352732
0.024308 0.669064 0.170940 0.135689
0.358484 0.245737 0.082076 0.313704
0.811860 0.003324 0.175202 0.009614
0.018136 0.280003 0.315084 0.386777
0.190823 0.223700 0.394527 0.190949
0.071912 0.291176 0.522160 0.114752
0.612847 0.001316 0.150228 0.235609
0.130336 0.500542 0.345842 0.023280
0.456668 0.001708 0.003530 0.538094
0.313169 0.136760 0.004082 0.545989
0.847199 0.133179 0.016781 0.002841
0.280863 0.015947 0.549629 0.153561
0.114997 0.300783 0.067805 0.516415
0.389915 0.256110 0.184894 0.169081
0.529951 0.319273 0.146304 0.004472
0.015511 0.866582 0.113784 0.004123
0.519959 0.099088 0.272746 0.108207
0.152263 0.243191 0.599626 0.004921
0.009740 0.286065 0.195260 0.508935
0.176942 0.411805 0.002442 0.408810
0.006231 0.519946 0.137663 0.336160
0.292387 0.396397 0.147783 0.163433
0.321461 0.519475 0.035618 0.123447
0.024462 0.206318 0.025440 0.743780
0.202886 0.624780 0.164660 0.007673
0.146924 0.103726 0.152856 0.596494
0.141513 0.370708 0.219602 0.268178
0.003166 0.450595 0.386049 0.160190
0.152318 0.008648 0.461442 0.377593
0.645589 0.144637 0.024399 0.185375
0.166960 0.050240 0.069520 0.713280
0.271344 0.452814 0.274783 0.001058
0.282412 0.088616 0.153591 0.475380
0.509157 0.002410 0.141283 0.347150
0.005697 0.401318 0.293243 0.299742
0.050503 0.157958 0.721797 0.069742
0.184470 0.319508 0.117473 0.378549
0.150000 0.029065 0.819933 0.001002
0.096774 0.556682 0.140461 0.206083
0.020687 0.116851 0.002348 0.860114
0.378553 0.004963 0.333509 0.282975
0.480838 0.172488 0.013341 0.333333
0.191086 0.165343 0.298869 0.344702
0.105540 0.846330 0.001435 0.046694
0.311706 0.362461 0.005890 0.319943
0.728711 0.179431 0.090767 0.001091
0.006497 0.209395 0.497126 0.286982
0.006961 0.024523 0.866460 0.102056
0.116256 0.273923 0.328322 0.281499
0.514600 0.326949 0.049189 0.109262
0.275610 0.140831 0.569032 0.014527
0.000402 0.170539 0.397178 0.431882
0.181102 0.098518 0.476888 0.243492
0.284430 0.012745 0.004036 0.698789
0.046680 0.006246 0.703813 0.243261
0.372967 0.004703 0.194591 0.427739
0.462969 0.143208 0.379030 0.014793
0.093772 0.624561 0.242719 0.038947
0.334669 0.290456 0.373110 0.001765
0.890293 0.006272 0.024806 0.078630
0.200277 0.193345 0.077261 0.529117
0.012752 0.391376 0.095385 0.500486
0.585544 0.001860 0.396665 0.015931
0.424431 0.159204 0.148366 0.268000
0.106752 0.121225 0.330615 0.441408
0.095958 0.720490 0.051647 0.131905
0.225354 0.235224 0.481461 0.057961
0.513601 0.209033 0.177212 0.100154
0.267757 0.143038 0.449738 0.139467
0.021846 0.102857 0.219227 0.656071
0.382928 0.059135 0.494293 0.063645
0.300622 0.544988 0.127518 0.026873
0.188363 0.049416 0.645058 0.117163
0.534742 0.097647 0.095360 0.272251
0.000000 0.634879 0.116743 0.248379
0.298068 0.228471 0.353184 0.120277
0.063374 0.098858 0.536694 0.301075
0.197917 0.547676 0.001803 0.252604
0.268504 0.326575 0.125000 0.279921
0.577399 0.167874 0.254535 0.000192
0.260329 0.676910 0.019122 0.043639
0.510477 0.063915 0.006792 0.418816
0.066358 0.351347 0.572370 0.009925
0.297170 0.189882 0.102756 0.410192
0.394232 0.337074 0.268409 0.000284
0.423896 0.344554 0.139898 0.091652
0.497958 0.004718 0.319014 0.178310
0.619620 0.028100 0.235307 0.116974
0.012886 0.003898 0.250239 0.732978
0.126038 0.273217 0.230165 0.370580
0.244055 0.045570 0.349524 0.360851
0.109304 0.389273 0.426894 0.074530
0.095830 0.513812 0.271304 0.119055
0.002559 0.772322 0.188910 0.036209
0.113631 0.081884 0.264538 0.539948
0.121565 0.505880 0.030391 0.342163
0.434898 0.293542 0.026507 0.245053
0.353039 0.010569 0.447709 0.188682
0.235436 0.127447 0.372171 0.264946
0.038769 0.065994 0.487677 0.407561
0.003425 0.040869 0.326246 0.629459
0.210884 0.309243 0.376209 0.103663
0.095164 0.210332 0.161293 0.533210
0.429772 0.439093 0.062066 0.069070
0.209201 0.395122 0.235252 0.160424
0.351483 0.034139 0.085777 0.528602
0.430083 0.182071 0.268892 0.118954
0.217124 0.507745 0.099680 0.175450
0.102150 0.222789 0.477370 0.197691
0.075081 0.213334 0.253364 0.458221
0.383155 0.202555 0.014713 0.399578
0.069159 0.466826 0.195717 0.268297
0.218782 0.019982 0.213561 0.547675
0.289124 0.471411 0.000622 0.238844
0.003698 0.380103 0.479283 0.136916
0.338497 0.167323 0.255563 0.238617
0.014056 0.524191 0.409595 0.052158
0.610420 0.224703 0.058037 0.106840
0.548013 0.114639 0.174532 0.162816
0.364235 0.020579 0.001019 0.614167
0.604728 0.229868 0.159792 0.005612
0.725997 0.059024 0.153856 0.061123
0.009097 0.822676 0.066579 0.101648
0.718365 0.171904 0.009292 0.100439
0.088649 0.321934 0.420092 0.169325
0.456038 0.001220 0.100960 0.441782
0.084856 0.251658 0.012722 0.650765
0.008483 0.587203 0.287922 0.116391
0.412334 0.073621 0.163665 0.350379
0.104687 0.127074 0.010469 0.757771
0.133242 0.155840 0.641068 0.069849
0.138822 0.599286 0.161459 0.100434
0.307375 0.200762 0.173641 0.318223
0.016207 0.228856 0.635060 0.119877
0.205879 0.403602 0.327542 0.062977
0.672497 0.031357 0.058305 0.237841
0.132461 0.005254 0.166136 0.696150
0.036522 0.245554 0.399554 0.318370
0.357830 0.322650 0.104602 0.214917
0.083063 0.082841 0.671737 0.162360
0.121258 0.427432 0.116729 0.334581
0.398348 0.519617 0.080658 0.001377
0.210580 0.300231 0.301417 0.187772
0.548177 0.385547 0.044226 0.022049
0.151059 0.307471 0.508733 0.032736
0.216848 0.114035 0.246483 0.422633
0.552126 0.091646 0.332993 0.023235
0.068803 0.002056 0.085083 0.844058
0.018135 0.583656 0.004553 0.393657
0.660651 0.089314 0.234984 0.015052
0.294886 0.007747 0.275303 0.422064
0.158541 0.462897 0.179815 0.198746
0.095674 0.132543 0.087977 0.683805
0.105170 0.006462 0.349327 0.539040
0.108181 0.376119 0.085941 0.429759
0.477637 0.068123 0.453077 0.001163
0.338946 0.449000 0.126891 0.085163
0.398195 0.105292 0.403676 0.092837
0.383875 0.201647 0.351929 0.062549
0.416389 0.000484 0.248322 0.334805
0.059966 0.448667 0.297133 0.194235
0.122496 0.668868 0.002177 0.206459
0.244159 0.538359 0.217407 0.000074
0.085880 0.189615 0.572650 0.151856
0.245293 0.100337 0.095331 0.559038
0.022746 0.303337 0.108135 0.565782
0.016800 0.460035 0.103228 0.419938
0.096866 0.204397 0.321745 0.376992
0.691824 0.016116 0.129029 0.163031
0.243672 0.100152 0.010080 0.646095
0.563804 0.011565 0.327030 0.097601
0.215874 0.242880 0.190694 0.350553
0.066669 0.357998 0.340467 0.234866
0.090340 0.001238 0.581476 0.326946
0.014208 0.424997 0.003584 0.557211
0.287226 0.006630 0.665585 0.040559
0.567964 0.247141 0.004338 0.180557
0.020419 0.056099 0.632249 0.291233
0.557148 0.004359 0.237902 0.200591
0.440844 0.087453 0.321607 0.150096
0.773333 0.214277 0.005428 0.006962
0.008837 0.735661 0.092618 0.162883
0.403530 0.079700 0.015253 0.501517
0.296629 0.397380 0.073309 0.232682
0.019261 0.208398 0.769825 0.002516
0.323836 0.406138 0.219954 0.050072
0.808457 0.076956 0.105285 0.009302
0.315933 0.084850 0.313765 0.285453
0.273721 0.276286 0.083100 0.366893
0.304516 0.296073 0.223661 0.175750
0.378511 0.269838 0.278215 0.073435
0.461996 0.156106 0.199018 0.182880
0.194457 0.257094 0.095112 0.453337
0.114610 0.033828 0.396285 0.455277
0.014709 0.250057 0.552976 0.182257
0.093566 0.466376 0.434485 0.005573
0.099558 0.281162 0.155940 0.463340
0.028268 0.697339 0.251181 0.023211
0.120158 0.213005 0.404519 0.262317
0.574440 0.137213 0.013324 0.275023
0.027360 0.068145 0.361120 0.543374
0.224854 0.596528 0.099124 0.079494
0.290846 0.082283 0.419260 0.207611
0.197444 0.756972 0.035395 0.010189
0.348938 0.222767 0.270743 0.157551
0.181598 0.336144 0.010978 0.471280
0.443762 0.291534 0.101911 0.162793
0.074163 0.338200 0.267978 0.319659
0.187320 0.016658 0.509735 0.286287
0.198508 0.105247 0.190925 0.505320
0.005441 0.318483 0.584608 0.091468
0.139642 0.097374 0.572129 0.190854
0.256662 0.199081 0.330670 0.213588
0.224114 0.446521 0.000781 0.328584
0.001967 0.102798 0.804773 0.090462
0.820463 0.005910 0.099603 0.074024
0.013472 0.147814 0.112064 0.726650
0.305054 0.203333 0.019570 0.472043
0.146654 0.271713 0.464167 0.117466
0.176271 0.084520 0.419779 0.319430
0.114532 0.626309 0.088375 0.170783
0.707397 0.124379 0.089481 0.078743
0.110855 0.504851 0.107035 0.277259
0.322324 0.260744 0.171002 0.245930
0.158767 0.558076 0.278072 0.005085
0.284810 0.606859 0.006896 0.101436
0.207150 0.391513 0.160334 0.241004
0.386502 0.084659 0.236493 0.292345
0.173118 0.692882 0.066590 0.067410
0.087762 0.441238 0.358276 0.112724
0.413946 0.023736 0.371126 0.191192
0.378060 0.164368 0.113291 0.344280
0.027180 0.714412 0.011453 0.246955
0.421501 0.246361 0.008660 0.323479
0.015973 0.064303 0.735882 0.183842
0.179657 0.001240 0.746744 0.072359
0.235817 0.364620 0.056575 0.342988
0.268790 0.164755 0.259555 0.306900
0.094583 0.239252 0.083620 0.582545
0.000323 0.353648 0.239579 0.406450
