1 0 0 0
0 1 0 0
0 0 1 0
0 0 0 1
0.254994 0.254696 0.237939 0.252370
0.002562 0.623999 0.351874 0.021565
0.367222 0.014281 0.607072 0.011425
0.002985 0.019563 0.593178 0.384273
0.012141 0.348368 0.012266 0.627225
0.366357 0.614997 0.017446 0.001200
0.617999 0.028577 0.009976 0.343448
0.009000 0.291362 0.668843 0.030795
0.266909 0.009601 0.119515 0.603976
0.678277 0.001201 0.296156 0.024365
0.069176 0.610574 0.018183 0.302067
0.633903 0.308025 0.020014 0.038058
0.009379 0.148490 0.296502 0.545629
0.222861 0.348471 0.427992 0.000676
0.000218 0.328631 0.421216 0.249934
0.273133 0.006198 0.437949 0.282720
0.470017 0.235298 0.276144 0.018540
0.267840 0.286294 0.002461 0.443406
0.104022 0.017948 0.752396 0.125634
0.394987 0.393554 0.027816 0.183643
0.199195 0.501588 0.194906 0.104310
0.464807 0.058226 0.230234 0.246733
0.128605 0.749411 0.105712 0.016272
0.054803 0.383214 0.170696 0.391287
0.033196 0.060082 0.141747 0.764975
0.756995 0.059493 0.056051 0.127460
0.179014 0.149619 0.550009 0.121357
0.406120 0.100386 0.074364 0.419131
0.475657 0.023534 0.409912 0.090898
0.203281 0.023069 0.303539 0.470111
0.005310 0.527762 0.254518 0.212409
0.023524 0.444244 0.493493 0.038739
0.399730 0.424657 0.174758 0.000855
0.101596 0.146996 0.414405 0.337003
0.171839 0.176319 0.008795 0.643047
0.510127 0.209190 0.080260 0.200423
0.011152 0.790558 0.004151 0.194139
0.210359 0.435384 0.079912 0.274345
0.183427 0.196697 0.180576 0.439300
0.344876 0.176138 0.446673 0.032313
0.046610 0.481436 0.005013 0.466941
0.000805 0.137296 0.850131 0.011768
0.014169 0.146636 0.626726 0.212469
0.199749 0.617984 0.034807 0.147460
0.042469 0.007819 0.433631 0.516081
0.135168 0.019910 0.000300 0.844622
0.506419 0.481125 0.001967 0.010489
0.098643 0.002727 0.260277 0.638353
0.624486 0.138996 0.160568 0.075950
0.133812 0.378250 0.329924 0.158014
0.144231 0.012523 0.602335 0.240910
0.208907 0.099541 0.687879 0.003673
0.027062 0.205137 0.136001 0.631800
0.299723 0.332140 0.277200 0.090937
0.347823 0.121473 0.347823 0.182882
0.310999 0.097232 0.239037 0.352732
0.024308 0.669064 0.170940 0.135689
0.358484 0.245737 0.082076 0.313704
0.811860 0.003324 0.175202 0.009614
0.018136 0.280003 0.315084 0.386777
0.190823 0.223700 0.394527 0.190949
0.071912 0.291176 0.522160 0.114752
0.612847 0.001316 0.150228 0.235609
0.130336 0.500542 0.345842 0.023280
0.456668 0.001708 0.003530 0.538094
0.313169 0.136760 0.004082 0.545989
0.847199 0.133179 0.016781 0.002841
0.280863 0.015947 0.549629 0.153561
0.114997 0.300783 0.067805 0.516415
0.389915 0.256110 0.184894 0.169081
0.529951 0.319273 0.146304 0.004472
0.015511 0.866582 0.113784 0.004123
0.519959 0.099088 0.272746 0.108207
0.152263 0.243191 0.599626 0.004921
0.009740 0.286065 0.195260 0.508935
0.176942 0.411805 0.002442 0.408810
0.006231 0.519946 0.137663 0.336160
0.292387 0.396397 0.147783 0.163433
0.321461 0.519475 0.035618 0.123447
0.024462 0.206318 0.025440 0.743780
0.202886 0.624780 0.164660 0.007673
0.146924 0.103726 0.152856 0.596494
0.141513 0.370708 0.219602 0.268178
0.003166 0.450595 0.386049 0.160190
0.152318 0.008648 0.461442 0.377593
0.645589 0.144637 0.024399 0.185375
0.166960 0.050240 0.069520 0.713280
0.271344 0.452814 0.274783 0.001058
0.282412 0.088616 0.153591 0.475380
0.509157 0.002410 0.141283 0.347150
0.005697 0.401318 0.293243 0.299742
0.050503 0.157958 0.721797 0.069742
0.184470 0.319508 0.117473 0.378549
0.150000 0.029065 0.819933 0.001002
0.096774 0.556682 0.140461 0.206083
0.020687 0.116851 0.002348 0.860114
0.378553 0.004963 0.333509 0.282975
0.480838 0.172488 0.013341 0.333333
0.191086 0.165343 0.298869 0.344702
0.105540 0.846330 0.001435 0.046694
0.311706 0.362461 0.005890 0.319943
0.728711 0.179431 0.090767 0.001091
0.006497 0.209395 0.497126 0.286982
0.006961 0.024523 0.866460 0.102056
0.116256 0.273923 0.328322 0.281499
0.514600 0.326949 0.049189 0.109262
0.275610 0.140831 0.569032 0.014527
0.000402 0.170539 0.397178 0.431882
0.181102 0.098518 0.476888 0.243492
0.284430 0.012745 0.004036 0.698789
0.046680 0.006246 0.703813 0.243261
0.372967 0.004703 0.194591 0.427739
0.462969 0.143208 0.379030 0.014793
0.093772 0.624561 0.242719 0.038947
0.334669 0.290456 0.373110 0.001765
0.890293 0.006272 0.024806 0.078630
0.200277 0.193345 0.077261 0.529117
0.012752 0.391376 0.095385 0.500486
0.585544 0.001860 0.396665 0.015931
0.424431 0.159204 0.148366 0.268000
0.106752 0.121225 0.330615 0.441408
0.095958 0.720490 0.051647 0.131905
0.225354 0.235224 0.481461 0.057961
0.513601 0.209033 0.177212 0.100154
0.267757 0.143038 0.449738 0.139467
0.021846 0.102857 0.219227 0.656071
0.382928 0.059135 0.494293 0.063645
0.300622 0.544988 0.127518 0.026873
0.188363 0.049416 0.645058 0.117163
0.534742 0.097647 0.095360 0.272251
0.000000 0.634879 0.116743 0.248379
0.298068 0.228471 0.353184 0.120277
0.063374 0.098858 0.536694 0.301075
0.197917 0.547676 0.001803 0.252604
0.268504 0.326575 0.125000 0.279921
0.577399 0.167874 0.254535 0.000192
0.260329 0.676910 0.019122 0.043639
0.510477 0.063915 0.006792 0.418816
0.066358 0.351347 0.572370 0.009925
0.297170 0.189882 0.102756 0.410192
0.394232 0.337074 0.268409 0.000284
0.423896 0.344554 0.139898 0.091652
0.497958 0.004718 0.319014 0.178310
0.619620 0.028100 0.235307 0.116974
0.012886 0.003898 0.250239 0.732978
0.126038 0.273217 0.230165 0.370580
0.244055 0.045570 0.349524 0.360851
0.109304 0.389273 0.426894 0.074530
0.095830 0.513812 0.271304 0.119055
0.002559 0.772322 0.188910 0.036209
0.113631 0.081884 0.264538 0.539948
0.121565 0.505880 0.030391 0.342163
0.434898 0.293542 0.026507 0.245053
0.353039 0.010569 0.447709 0.188682
0.235436 0.127447 0.372171 0.264946
0.038769 0.065994 0.487677 0.407561
0.003425 0.040869 0.326246 0.629459
0.210884 0.309243 0.376209 0.103663
0.095164 0.210332 0.161293 0.533210
0.429772 0.439093 0.062066 0.069070
0.209201 0.395122 0.235252 0.160424
0.351483 0.034139 0.085777 0.528602
0.430083 0.182071 0.268892 0.118954
0.217124 0.507745 0.099680 0.175450
0.102150 0.222789 0.477370 0.197691
0.075081 0.213334 0.253364 0.458221
0.383155 0.202555 0.014713 0.399578
0.069159 0.466826 0.195717 0.268297
0.218782 0.019982 0.213561 0.547675
0.289124 0.471411 0.000622 0.238844
0.003698 0.380103 0.479283 0.136916
0.338497 0.167323 0.255563 0.238617
0.014056 0.524191 0.409595 0.052158
0.610420 0.224703 0.058037 0.106840
0.548013 0.114639 0.174532 0.162816
0.364235 0.020579 0.001019 0.614167
0.604728 0.229868 0.159792 0.005612
0.725997 0.059024 0.153856 0.061123
0.009097 0.822676 0.066579 0.101648
0.718365 0.171904 0.009292 0.100439
0.088649 0.321934 0.420092 0.169325
0.456038 0.001220 0.100960 0.441782
0.084856 0.251658 0.012722 0.650765
0.008483 0.587203 0.287922 0.116391
0.412334 0.073621 0.163665 0.350379
0.104687 0.127074 0.010469 0.757771
0.133242 0.155840 0.641068 0.069849
0.138822 0.599286 0.161459 0.100434
0.307375 0.200762 0.173641 0.318223
0.016207 0.228856 0.635060 0.119877
0.205879 0.403602 0.327542 0.062977
0.672497 0.031357 0.058305 0.237841
0.132461 0.005254 0.166136 0.696150
0.036522 0.245554 0.399554 0.318370
0.357830 0.322650 0.104602 0.214917
0.083063 0.082841 0.671737 0.162360
0.121258 0.427432 0.116729 0.334581
0.398348 0.519617 0.080658 0.001377
0.210580 0.300231 0.301417 0.187772
0.548177 0.385547 0.044226 0.022049
0.151059 0.307471 0.508733 0.032736
0.216848 0.114035 0.246483 0.422633
0.552126 0.091646 0.332993 0.023235
0.068803 0.002056 0.085083 0.844058
0.018135 0.583656 0.004553 0.393657
0.660651 0.089314 0.234984 0.015052
0.294886 0.007747 0.275303 0.422064
0.158541 0.462897 0.179815 0.198746
0.095674 0.132543 0.087977 0.683805
0.105170 0.006462 0.349327 0.539040
0.108181 0.376119 0.085941 0.429759
0.477637 0.068123 0.453077 0.001163
0.338946 0.449000 0.126891 0.085163
0.398195 0.105292 0.403676 0.092837
0.383875 0.201647 0.351929 0.062549
0.416389 0.000484 0.248322 0.334805
0.059966 0.448667 0.297133 0.194235
0.122496 0.668868 0.002177 0.206459
0.244159 0.538359 0.217407 0.000074
0.085880 0.189615 0.572650 0.151856
0.245293 0.100337 0.095331 0.559038
0.022746 0.303337 0.108135 0.565782
0.016800 0.460035 0.103228 0.419938
0.096866 0.204397 0.321745 0.376992
0.691824 0.016116 0.129029 0.163031
0.243672 0.100152 0.010080 0.646095
0.563804 0.011565 0.327030 0.097601
0.215874 0.242880 0.190694 0.350553
0.066669 0.357998 0.340467 0.234866
0.090340 0.001238 0.581476 0.326946
0.014208 0.424997 0.003584 0.557211
0.287226 0.006630 0.665585 0.040559
0.567964 0.247141 0.004338 0.180557
0.020419 0.056099 0.632249 0.291233
0.557148 0.004359 0.237902 0.200591
0.440844 0.087453 0.321607 0.150096
0.773333 0.214277 0.005428 0.006962
0.008837 0.735661 0.092618 0.162883
0.403530 0.079700 0.015253 0.501517
0.296629 0.397380 0.073309 0.232682
0.019261 0.208398 0.769825 0.002516
0.323836 0.406138 0.219954 0.050072
0.808457 0.076956 0.105285 0.009302
0.315933 0.084850 0.313765 0.285453
0.273721 0.276286 0.083100 0.366893
0.304516 0.296073 0.223661 0.175750
0.378511 0.269838 0.278215 0.073435
0.461996 0.156106 0.199018 0.182880
0.194457 0.257094 0.095112 0.453337
0.114610 0.033828 0.396285 0.455277
0.014709 0.250057 0.552976 0.182257
0.093566 0.466376 0.434485 0.005573
0.099558 0.281162 0.155940 0.463340
0.028268 0.697339 0.251181 0.023211
0.120158 0.213005 0.404519 0.262317
0.574440 0.137213 0.013324 0.275023
0.027360 0.068145 0.361120 0.543374
0.224854 0.596528 0.099124 0.079494
0.290846 0.082283 0.419260 0.207611
0.197444 0.756972 0.035395 0.010189
0.348938 0.222767 0.270743 0.157551
0.181598 0.336144 0.010978 0.471280
0.443762 0.291534 0.101911 0.162793
0.074163 0.338200 0.267978 0.319659
0.187320 0.016658 0.509735 0.286287
0.198508 0.105247 0.190925 0.505320
0.005441 0.318483 0.584608 0.091468
0.139642 0.097374 0.572129 0.190854
0.256662 0.199081 0.330670 0.213588
0.224114 0.446521 0.000781 0.328584
0.001967 0.102798 0.804773 0.090462
0.820463 0.005910 0.099603 0.074024
0.013472 0.147814 0.112064 0.726650
0.305054 0.203333 0.019570 0.472043
0.146654 0.271713 0.464167 0.117466
0.176271 0.084520 0.419779 0.319430
0.114532 0.626309 0.088375 0.170783
0.707397 0.124379 0.089481 0.078743
0.110855 0.504851 0.107035 0.277259
0.322324 0.260744 0.171002 0.245930
0.158767 0.558076 0.278072 0.005085
0.284810 0.606859 0.006896 0.101436
0.207150 0.391513 0.160334 0.241004
0.386502 0.084659 0.236493 0.292345
0.173118 0.692882 0.066590 0.067410
0.087762 0.441238 0.358276 0.112724
0.413946 0.023736 0.371126 0.191192
0.378060 0.164368 0.113291 0.344280
0.027180 0.714412 0.011453 0.246955
0.421501 0.246361 0.008660 0.323479
0.015973 0.064303 0.735882 0.183842
0.179657 0.001240 0.746744 0.072359
0.235817 0.364620 0.056575 0.342988
0.268790 0.164755 0.259555 0.306900
0.094583 0.239252 0.083620 0.582545
0.000323 0.353648 0.239579 0.406450
0.007550 0.156507 0.474782 0.361161
0.278944 0.096339 0.535329 0.089387
0.044014 0.755393 0.120164 0.080430
0.475176 0.387009 0.117311 0.020504
0.335522 0.124194 0.065908 0.474376
0.662305 0.243531 0.083284 0.010879
0.449263 0.307965 0.203048 0.039725
0.066999 0.052286 0.836576 0.044139
0.033682 0.173312 0.216399 0.576608
0.193160 0.224542 0.310028 0.272270
0.575365 0.146600 0.094786 0.183249
0.233550 0.240404 0.005569 0.520476
0.486864 0.411831 0.001972 0.099334
0.534186 0.273320 0.114801 0.077692
0.365772 0.327037 0.208702 0.098489
0.411510 0.244763 0.109258 0.234469
0.169762 0.449705 0.273156 0.107377
0.096525 0.312039 0.007722 0.583714
0.252904 0.555889 0.011240 0.179968
0.170079 0.422639 0.392807 0.014475
0.697579 0.002886 0.217217 0.082318
0.148180 0.223888 0.548645 0.079287
0.173037 0.099455 0.345469 0.382038
0.074670 0.241413 0.632167 0.051750
0.409375 0.113626 0.267148 0.209850
0.351081 0.281911 0.000038 0.366970
0.301559 0.359370 0.326065 0.013006
0.113267 0.171488 0.707525 0.007720
0.254613 0.036527 0.490504 0.218355
0.019741 0.001004 0.524801 0.454454
0.058728 0.556884 0.325380 0.059008
0.333204 0.110308 0.162881 0.393607
0.011612 0.086219 0.432330 0.469839
0.505870 0.090837 0.055163 0.348131
0.045148 0.040713 0.015016 0.899123
0.009159 0.068567 0.076528 0.845746
0.195936 0.000290 0.391680 0.412094
0.411779 0.003764 0.464192 0.120265
0.057618 0.159098 0.551849 0.231435
0.536319 0.035508 0.164817 0.263356
0.435346 0.010292 0.530238 0.024124
0.141774 0.150025 0.233484 0.474717
0.208175 0.309221 0.191144 0.291461
0.100976 0.378285 0.025729 0.495009
0.180192 0.194183 0.470025 0.155601
0.156273 0.557645 0.074492 0.211590
0.393805 0.518293 0.008310 0.079592
0.004418 0.453269 0.220891 0.321422
0.004776 0.609675 0.185915 0.199633
0.186775 0.090392 0.086322 0.636510
0.201216 0.001124 0.174709 0.622951
0.825895 0.035883 0.006390 0.131832
0.648039 0.089281 0.108603 0.154077
0.446502 0.544497 0.008427 0.000575
0.213483 0.108743 0.606160 0.071613
0.061277 0.364228 0.503894 0.070601
0.107311 0.141399 0.482502 0.268788
0.009692 0.331864 0.344654 0.313791
0.285329 0.629262 0.077984 0.007424
0.368743 0.377712 0.110471 0.143074
0.485693 0.158923 0.295513 0.059870
0.080909 0.725163 0.174535 0.019393
0.263644 0.284042 0.412555 0.039759
0.323794 0.078963 0.465967 0.131277
0.246030 0.439797 0.228809 0.085365
0.076363 0.106144 0.408564 0.408928
0.206700 0.031729 0.582798 0.178773
0.067049 0.561944 0.208609 0.162398
0.297632 0.015567 0.172033 0.514768
0.315440 0.000789 0.335017 0.348753
0.026381 0.269434 0.474407 0.229778
0.175099 0.295138 0.265469 0.264294
0.041121 0.517882 0.059190 0.381807
0.530455 0.006682 0.071447 0.391416
0.141831 0.759978 0.008637 0.089554
0.005644 0.215670 0.297557 0.481129
0.170940 0.229183 0.023350 0.576527
0.006573 0.247358 0.063982 0.682087
0.116392 0.350535 0.191110 0.341964
0.592749 0.290804 0.094920 0.021527
0.457754 0.130774 0.007792 0.403680
0.315698 0.449967 0.081229 0.153106
0.524066 0.249689 0.212244 0.014000
0.154985 0.304436 0.370004 0.170575
0.491359 0.235366 0.010136 0.263139
0.125992 0.413325 0.254657 0.206026
0.103560 0.457296 0.030603 0.408541
0.731134 0.055778 0.016223 0.196865
0.000550 0.100196 0.542521 0.356733
0.090281 0.409652 0.498725 0.001342
0.147623 0.200720 0.253863 0.397794
0.210684 0.188538 0.564342 0.036436
0.237533 0.327785 0.215303 0.219379
0.587459 0.295470 0.011281 0.105791
0.266687 0.527278 0.107679 0.098357
0.339215 0.091396 0.548308 0.021081
0.459889 0.273809 0.162437 0.103866
0.804573 0.115512 0.008251 0.071664
0.248336 0.153765 0.111909 0.485989
0.028371 0.017998 0.802900 0.150731
0.447770 0.184799 0.076419 0.291011
0.364807 0.325271 0.034603 0.275319
0.108510 0.669085 0.128926 0.093479
0.008011 0.409926 0.577667 0.004396
0.253990 0.162529 0.210966 0.372515
0.034272 0.505513 0.323316 0.136899
0.288784 0.219499 0.484624 0.007093
0.320334 0.017642 0.585887 0.076137
0.128324 0.030520 0.058421 0.782736
0.482353 0.004855 0.209337 0.303455
0.895130 0.068026 0.017834 0.019009
0.049207 0.559369 0.098324 0.293100
0.225264 0.140593 0.427739 0.206404
0.703478 0.271449 0.006957 0.018116
0.122337 0.055063 0.504429 0.318171
0.098656 0.484458 0.229934 0.186952
0.229082 0.350891 0.300511 0.119517
0.072219 0.280438 0.408384 0.238959
0.470074 0.102135 0.348547 0.079244
0.056849 0.285727 0.247421 0.410003
0.436001 0.371971 0.069767 0.122261
0.336045 0.035496 0.385429 0.243030
0.027787 0.344306 0.155869 0.472038
0.049324 0.886566 0.038581 0.025528
0.033511 0.134377 0.345170 0.486942
0.377103 0.197110 0.190839 0.234948
0.053848 0.388303 0.388303 0.169547
0.067255 0.044216 0.193725 0.694804
0.359720 0.472554 0.002414 0.165311
0.660787 0.061565 0.173022 0.104626
0.001050 0.653188 0.244932 0.100830
0.252437 0.104182 0.296887 0.346494
0.069785 0.078563 0.618176 0.233476
0.284100 0.198818 0.437970 0.079112
0.191078 0.305854 0.441509 0.061558
0.283537 0.277428 0.292797 0.146238
0.013809 0.441437 0.441218 0.103537
0.238726 0.055075 0.229143 0.477056
0.004964 0.404064 0.361150 0.229823
0.672473 0.163718 0.144314 0.019495
0.133192 0.663688 0.171919 0.031201
0.207587 0.495307 0.256536 0.040571
0.085999 0.113814 0.203118 0.597069
0.395912 0.201972 0.401285 0.000831
0.109319 0.175717 0.019208 0.695755
0.073399 0.394255 0.268858 0.263488
0.122666 0.074085 0.715804 0.087445
0.490675 0.305175 0.026215 0.177935
0.153691 0.016294 0.282634 0.547381
0.404437 0.127358 0.453471 0.014733
0.494718 0.094629 0.236721 0.173932
0.350974 0.069338 0.129703 0.449985
0.563461 0.040075 0.068745 0.327718
0.067494 0.674365 0.058516 0.199625
0.163022 0.159275 0.088928 0.588775
0.644371 0.105935 0.000000 0.249694
0.410962 0.257833 0.322356 0.008848
0.196724 0.462186 0.330067 0.011023
0.141079 0.548111 0.239865 0.070946
0.574585 0.203811 0.128114 0.093491
0.142127 0.423653 0.160978 0.273241
0.237743 0.165768 0.512680 0.083810
0.586556 0.089488 0.245899 0.078057
0.277839 0.373529 0.215008 0.133625
0.471562 0.067317 0.163728 0.297392
0.054836 0.079931 0.274580 0.590653
0.337889 0.332473 0.162426 0.167212
0.009215 0.314612 0.501536 0.174638
0.006155 0.585740 0.065326 0.342779
0.301773 0.077707 0.038853 0.581667
0.468181 0.030200 0.032879 0.468740
0.230448 0.102509 0.492315 0.174729
0.175157 0.353247 0.260317 0.211279
0.109887 0.020843 0.668104 0.201166
0.217788 0.324113 0.051196 0.406902
0.355135 0.139878 0.181829 0.323158
0.157013 0.548267 0.141789 0.152931
0.393082 0.150641 0.329163 0.127114
0.168838 0.168461 0.360216 0.302484
0.056104 0.348298 0.050558 0.545040
0.315819 0.471603 0.194551 0.018026
0.476750 0.450433 0.066579 0.006239
0.225201 0.445528 0.151260 0.178012
0.120623 0.054453 0.193316 0.631607
0.463633 0.217481 0.157309 0.161576
0.439858 0.116562 0.090086 0.353493
0.242737 0.017431 0.722955 0.016877
0.238258 0.226384 0.136989 0.398368
0.197707 0.259756 0.536527 0.006011
0.267626 0.062925 0.378399 0.291050
0.368847 0.071703 0.326413 0.233036
0.354992 0.014394 0.514445 0.116168
0.352894 0.006514 0.268256 0.372336
0.545092 0.140100 0.213061 0.101746
0.175341 0.409892 0.060253 0.354515
0.021492 0.151904 0.673703 0.152901
0.299676 0.068296 0.207242 0.424787
0.436088 0.010614 0.286265 0.267033
0.135083 0.165417 0.517840 0.181660
0.601096 0.078810 0.054407 0.265687
0.500673 0.004792 0.455776 0.038759
0.067079 0.798763 0.111203 0.022955
0.157149 0.162213 0.164314 0.516324
0.011760 0.855339 0.003718 0.129183
0.220730 0.087867 0.556302 0.135102
0.527300 0.259349 0.065258 0.148093
0.525856 0.047083 0.385407 0.041655
0.229884 0.551737 0.157335 0.061044
0.576699 0.182869 0.030107 0.210325
0.219715 0.028775 0.020805 0.730705
0.650483 0.150170 0.072268 0.127078
0.328183 0.131831 0.403470 0.136516
0.041362 0.531184 0.186092 0.241362
0.182884 0.241448 0.252878 0.322790
0.235874 0.138826 0.037587 0.587713
0.288056 0.317994 0.018882 0.375068
0.260846 0.474093 0.160455 0.104607
0.088877 0.173587 0.135172 0.602364
0.102907 0.134171 0.619874 0.143048
0.008618 0.011696 0.128758 0.850928
0.064326 0.615595 0.071039 0.249041
0.014744 0.225288 0.376665 0.383303
0.081878 0.270004 0.304618 0.343500
0.500301 0.105865 0.174236 0.219599
0.672770 0.029377 0.004874 0.292979
0.347501 0.416175 0.004919 0.231405
0.173800 0.290931 0.005388 0.529881
0.196311 0.356032 0.131526 0.316130
0.071029 0.110777 0.770933 0.047261
0.007583 0.121577 0.579409 0.291431
0.167938 0.082740 0.276535 0.472787
0.135240 0.352198 0.391100 0.121463
0.176673 0.057202 0.536803 0.229322
0.306751 0.317337 0.064017 0.311895
0.255418 0.141212 0.171690 0.431680
0.274568 0.294819 0.348362 0.082250
0.068415 0.647027 0.197475 0.087083
0.053062 0.464507 0.132162 0.350268
0.559200 0.073314 0.003586 0.363900
0.002790 0.254101 0.171994 0.571114
0.160535 0.187595 0.647715 0.004155
0.440733 0.004876 0.186862 0.367530
0.372852 0.465603 0.054306 0.107239
0.330492 0.240774 0.427963 0.000771
0.451799 0.055402 0.101612 0.391187
0.281808 0.145384 0.317613 0.255195
0.061030 0.177863 0.456469 0.304637
0.444155 0.239128 0.239825 0.076891
0.165583 0.487940 0.117877 0.228600
0.080453 0.080730 0.036494 0.802322
0.560974 0.189293 0.197836 0.051897
0.109160 0.184888 0.067286 0.638666
0.336484 0.523241 0.075996 0.064279
0.361929 0.054131 0.213400 0.370540
0.139326 0.311036 0.106058 0.443579
0.002602 0.383536 0.548174 0.065688
0.090612 0.135302 0.279498 0.494588
0.365175 0.210982 0.139902 0.283941
0.074421 0.410572 0.200779 0.314229
0.733130 0.114188 0.134728 0.017954
0.413787 0.010299 0.058472 0.517442
0.368363 0.472548 0.135602 0.023487
0.191437 0.498276 0.054841 0.255446
0.120044 0.210934 0.197695 0.471327
0.393359 0.366319 0.194650 0.045672
0.547354 0.032142 0.275068 0.145436
0.250986 0.228805 0.059937 0.460272
0.058966 0.431759 0.056161 0.453114
0.422521 0.461376 0.001904 0.114199
0.285491 0.142685 0.375356 0.196468
0.285872 0.261159 0.139937 0.313032
0.049625 0.222271 0.214705 0.513399
0.171356 0.121509 0.017389 0.689746
0.024552 0.089931 0.674379 0.211137
0.131949 0.052874 0.769975 0.045202
0.092704 0.021548 0.469928 0.415820
0.064419 0.036571 0.536263 0.362747
0.114338 0.064940 0.129807 0.690916
0.298564 0.156250 0.495671 0.049514
0.234672 0.264792 0.351365 0.149171
0.146593 0.312454 0.316063 0.224889
0.045464 0.103241 0.151021 0.700274
0.636399 0.189627 0.109415 0.064559
0.531928 0.179871 0.132744 0.155457
0.494651 0.146210 0.115589 0.243549
0.340069 0.257838 0.341192 0.060901
0.114669 0.330324 0.464974 0.090033
0.132124 0.062977 0.419359 0.385540
0.522432 0.342514 0.090998 0.044056
0.145511 0.597247 0.020832 0.236409
0.148162 0.667050 0.043262 0.141526
0.502046 0.048924 0.335866 0.113163
0.599750 0.050928 0.304909 0.044414
0.255039 0.200997 0.393758 0.150206
0.073591 0.099894 0.467895 0.358621
0.175724 0.166653 0.409996 0.247627
0.246200 0.045965 0.605698 0.102137
0.051623 0.285670 0.050131 0.612576
0.011095 0.002418 0.654694 0.331792
0.127080 0.536903 0.202605 0.133412
0.249354 0.458925 0.071659 0.220061
0.461968 0.200432 0.335517 0.002084
0.405354 0.188936 0.226723 0.178987
0.164806 0.273801 0.164991 0.396402
0.056686 0.006989 0.181472 0.754853
0.218783 0.677664 0.085051 0.018502
0.027056 0.500267 0.471393 0.001283
0.015065 0.212313 0.694285 0.078337
0.265779 0.155808 0.054536 0.523878
0.239687 0.054875 0.297485 0.407953
0.127685 0.256860 0.413524 0.201932
0.228838 0.135746 0.630263 0.005154
0.519296 0.162132 0.049736 0.268836
0.292325 0.232002 0.276934 0.198739
0.236148 0.390794 0.362357 0.010701
0.055188 0.001202 0.338855 0.604755
0.114140 0.006058 0.817950 0.061852
0.001862 0.731308 0.168603 0.098228
0.223092 0.064759 0.152410 0.559739
0.003300 0.430184 0.164554 0.401962
0.082830 0.081420 0.342296 0.493454
0.292286 0.344154 0.146163 0.217397
0.063886 0.310190 0.116560 0.509364
0.707188 0.119410 0.034614 0.138788
0.005388 0.576490 0.151755 0.266367
0.212818 0.249365 0.432561 0.105255
0.665053 0.217806 0.014236 0.102905
0.466410 0.374899 0.003221 0.155470
0.327549 0.583705 0.056527 0.032219
0.228233 0.043142 0.672667 0.055958
0.276073 0.398891 0.270692 0.054344
0.361657 0.073613 0.408785 0.155945
0.014750 0.351146 0.283486 0.350618
0.462011 0.257702 0.069017 0.211271
0.677197 0.102229 0.173973 0.046602
0.203350 0.022078 0.428973 0.345599
0.341856 0.393403 0.166351 0.098389
0.362817 0.039923 0.284072 0.313188
0.335343 0.181208 0.333447 0.150002
0.091456 0.216611 0.369236 0.322698
0.064831 0.319003 0.187135 0.429031
0.060568 0.524158 0.000687 0.414587
0.212115 0.568346 0.080959 0.138580
0.397918 0.406372 0.138774 0.056936
0.063263 0.265650 0.581167 0.089920
0.132220 0.150799 0.354582 0.362399
0.308073 0.081877 0.606601 0.003450
0.049326 0.474315 0.395354 0.081006
0.002808 0.489185 0.309900 0.198107
0.116941 0.233139 0.510196 0.139724
0.782079 0.130958 0.071858 0.015105
0.151940 0.014627 0.345025 0.488408
0.408228 0.131532 0.001968 0.458272
0.065737 0.164453 0.353927 0.415883
0.238801 0.073220 0.430305 0.257674
0.132480 0.811505 0.042615 0.013399
0.003880 0.454550 0.284443 0.257127
0.016146 0.118846 0.063790 0.801218
0.300035 0.054248 0.291392 0.354326
0.342335 0.390155 0.264014 0.003496
0.071491 0.622996 0.156983 0.148529
0.595631 0.029479 0.100983 0.273908
0.304213 0.249112 0.042651 0.404024
0.088090 0.292768 0.597805 0.021337
0.436488 0.078325 0.433948 0.051239
0.110536 0.356157 0.141988 0.391319
0.604026 0.068733 0.151196 0.176044
0.537814 0.059898 0.203399 0.198889
0.164097 0.608758 0.103455 0.123691
0.487039 0.393711 0.056464 0.062786
0.149544 0.409353 0.361333 0.079769
0.437187 0.114568 0.204143 0.244102
0.564897 0.347888 0.017774 0.069440
0.433741 0.440055 0.118118 0.008085
0.327286 0.002660 0.055105 0.614949
0.166454 0.356486 0.461981 0.015080
0.170817 0.141983 0.283268 0.403932
0.453365 0.041801 0.294862 0.209971
0.477183 0.329113 0.141036 0.052669
0.165615 0.050213 0.207800 0.576372
0.362659 0.302819 0.312198 0.022323
0.083434 0.441456 0.089180 0.385930
0.051797 0.687914 0.109717 0.150572
0.086461 0.156729 0.218695 0.538115
0.280346 0.045830 0.036783 0.637041
0.303172 0.003380 0.221945 0.471503
0.552919 0.124680 0.278146 0.044254
0.354997 0.136399 0.105521 0.403084
0.568503 0.067393 0.221852 0.142252
0.236328 0.301234 0.129335 0.333104
0.001459 0.008462 0.305493 0.684587
0.140692 0.257084 0.112356 0.489868
0.015048 0.153344 0.162226 0.669383
0.073474 0.549905 0.043657 0.332964
0.261576 0.498110 0.193185 0.047130
0.031568 0.299396 0.001758 0.667278
0.041205 0.393599 0.126533 0.438662
0.415450 0.192923 0.042711 0.348916
0.060874 0.266459 0.496661 0.176007
0.120602 0.000000 0.527519 0.351880
0.332331 0.289002 0.254590 0.124078
0.117781 0.345290 0.278469 0.258459
0.054940 0.769916 0.022725 0.152418
0.261483 0.402170 0.051718 0.284629
0.767935 0.006197 0.224297 0.001571
0.242741 0.295135 0.462124 0.000000
0.178381 0.356721 0.400924 0.063974
0.354759 0.001770 0.149159 0.494312
0.121520 0.549066 0.059425 0.269989
0.292310 0.062046 0.109234 0.536411
0.006899 0.074508 0.859348 0.059245
0.155130 0.154460 0.469633 0.220777
0.263694 0.201042 0.279604 0.255660
0.023034 0.010733 0.398095 0.568138
0.167137 0.055573 0.346443 0.430847
0.060568 0.294587 0.355714 0.289131
0.126305 0.288233 0.267193 0.318270
0.040645 0.181603 0.413788 0.363963
0.063730 0.357071 0.458015 0.121183
0.059944 0.341002 0.228698 0.370356
0.009171 0.402467 0.220345 0.368017
0.446689 0.006060 0.481179 0.066072
0.386875 0.034620 0.020880 0.557625
0.119827 0.729119 0.076019 0.075034
0.146124 0.223713 0.304097 0.326066
0.047250 0.615432 0.305734 0.031583
0.356177 0.169274 0.024736 0.449813
0.343339 0.285284 0.103015 0.268362
0.017034 0.565390 0.415810 0.001766
0.112465 0.557712 0.324179 0.005644
0.056038 0.179421 0.305772 0.458770
0.644356 0.004829 0.347569 0.003247
0.071928 0.051117 0.590992 0.285964
0.152242 0.120015 0.714838 0.012906
0.202814 0.144651 0.120300 0.532236
0.149644 0.606665 0.217576 0.026116
0.334567 0.222555 0.227977 0.214901
0.521862 0.126181 0.002024 0.349933
0.343956 0.125121 0.443012 0.087912
0.309546 0.015551 0.494782 0.180121
0.058580 0.200669 0.490839 0.249912
0.303117 0.100717 0.356487 0.239680
0.319220 0.125503 0.258980 0.296296
0.149847 0.071319 0.019325 0.759509
0.061623 0.013444 0.827071 0.097862
0.064711 0.186296 0.629997 0.118996
0.131465 0.173760 0.584822 0.109953
0.091216 0.492775 0.330751 0.085257
0.091414 0.121787 0.148072 0.638727
0.001998 0.181450 0.551027 0.265525
0.320018 0.033148 0.351280 0.295554
0.345355 0.178532 0.393809 0.082304
0.052094 0.238009 0.439864 0.270033
0.412466 0.249690 0.060938 0.276906
0.237961 0.215796 0.234215 0.312027
0.068941 0.510236 0.398030 0.022793
0.455634 0.198500 0.129780 0.216085
0.086867 0.591016 0.213475 0.108641
0.153306 0.467173 0.062313 0.317208
0.787990 0.084135 0.069081 0.058794
0.444889 0.492141 0.035820 0.027151
0.278993 0.503576 0.051197 0.166235
0.392466 0.055336 0.085740 0.466457
0.352459 0.376265 0.075253 0.196023
0.364176 0.168096 0.282804 0.184925
0.473574 0.110607 0.116502 0.299317
0.072871 0.576476 0.270053 0.080600
0.203549 0.003807 0.686110 0.106534
0.168415 0.295271 0.193189 0.343125
0.212580 0.641629 0.053350 0.092441
0.027268 0.118562 0.447608 0.406563
0.100000 0.499834 0.165391 0.234775
0.457222 0.124608 0.270066 0.148104
0.038702 0.100028 0.723677 0.137592
0.007091 0.269340 0.283458 0.440111
0.015947 0.356319 0.610589 0.017145
0.074573 0.221601 0.702895 0.000931
0.434367 0.325008 0.047126 0.193500
0.190096 0.496253 0.005533 0.308118
0.847009 0.052924 0.024350 0.075717
0.140575 0.128115 0.436356 0.294954
0.622276 0.107483 0.073512 0.196728
0.279506 0.189554 0.156893 0.374047
0.010815 0.319818 0.211714 0.457652
0.016868 0.535774 0.358862 0.088496
0.295103 0.207123 0.226874 0.270900
0.407318 0.040934 0.138443 0.413305
0.170552 0.059131 0.244802 0.525515
0.217945 0.003326 0.632182 0.146547
0.046874 0.247133 0.127566 0.578427
0.070171 0.020709 0.720430 0.188690
0.379531 0.217960 0.300472 0.102037
0.064821 0.038847 0.437343 0.458988
0.445097 0.084525 0.031512 0.438866
0.027106 0.198962 0.587851 0.186081
0.123064 0.105738 0.526151 0.245048
0.099929 0.061895 0.090038 0.748139
0.094811 0.040253 0.300791 0.564145
0.346180 0.339235 0.263311 0.051273
0.229068 0.048336 0.069731 0.652866
0.155821 0.033284 0.638093 0.172803
0.620450 0.163801 0.209164 0.006585
0.059681 0.408200 0.416458 0.115661
0.437852 0.233078 0.201173 0.127897
0.360669 0.128475 0.498577 0.012279
0.311283 0.240842 0.394001 0.053874
0.187190 0.205117 0.508038 0.099655
0.562136 0.203412 0.067614 0.166838
0.347736 0.094488 0.037595 0.520181
0.417167 0.107018 0.178635 0.297180
0.396735 0.313216 0.153439 0.136610
0.221645 0.154720 0.327360 0.296276
0.167679 0.257645 0.356141 0.218535
0.302571 0.138909 0.114215 0.444304
0.041292 0.478471 0.248035 0.232202
0.047179 0.184500 0.063217 0.705104
0.184226 0.088562 0.670021 0.057191
0.012679 0.146216 0.526886 0.314218
0.217127 0.184590 0.000705 0.597579
0.002729 0.159053 0.728897 0.109321
0.028969 0.666783 0.056119 0.248128
0.425513 0.054989 0.380283 0.139215
0.531160 0.041505 0.120631 0.306703
0.119033 0.451497 0.305295 0.124175
0.384115 0.007460 0.540408 0.068017
0.238419 0.343557 0.350040 0.067984
0.328586 0.218212 0.093645 0.359557
0.023099 0.353603 0.445559 0.177739
0.248310 0.004746 0.332950 0.413994
0.215821 0.409145 0.277239 0.097796
0.489816 0.266239 0.114736 0.129209
0.193854 0.284832 0.044603 0.476711
0.278236 0.584412 0.059476 0.077876
0.424258 0.048507 0.209020 0.318215
0.472974 0.183938 0.223940 0.119148
0.142615 0.224156 0.086939 0.546290
0.200840 0.176098 0.237045 0.386016
0.271460 0.304090 0.174478 0.249972
0.150832 0.465026 0.007913 0.376229
0.040504 0.178289 0.255811 0.525395
0.129334 0.517338 0.291622 0.061706
0.405563 0.151481 0.387274 0.055683
0.244666 0.392687 0.186923 0.175724
0.264473 0.251015 0.391633 0.092879
0.438545 0.159389 0.334778 0.067289
0.398419 0.317185 0.235741 0.048656
0.048537 0.402460 0.033378 0.515625
0.649055 0.044067 0.260393 0.046485
0.144755 0.376496 0.029498 0.449251
0.157751 0.411760 0.205337 0.225153
0.502927 0.208952 0.241219 0.046902
0.232817 0.002364 0.264075 0.500744
0.139618 0.120680 0.195827 0.543876
0.248387 0.392734 0.103995 0.254884
0.516696 0.103315 0.377332 0.002657
0.052125 0.589754 0.123498 0.234623
0.404930 0.152582 0.043082 0.399406
0.079456 0.837632 0.065638 0.017273
0.261988 0.013108 0.397761 0.327144
0.226675 0.172411 0.378006 0.222908
0.388609 0.076715 0.356234 0.178442
0.758396 0.126259 0.005038 0.110306
0.223847 0.010428 0.117335 0.648390
0.245967 0.508243 0.019766 0.226024
0.128744 0.030189 0.699988 0.141078
0.269516 0.440054 0.002318 0.288112
0.588869 0.132791 0.145403 0.132937
0.069906 0.028621 0.641750 0.259723
0.405181 0.004318 0.125130 0.465371
0.089561 0.258281 0.213978 0.438180
0.228509 0.342335 0.254560 0.174596
0.519191 0.424680 0.013619 0.042509
0.057350 0.425748 0.453265 0.063638
0.014888 0.043286 0.540874 0.400951
0.199263 0.453171 0.209175 0.138391
0.389846 0.240324 0.244359 0.125470
0.010971 0.371610 0.186811 0.430609
0.222621 0.248109 0.317492 0.211778
0.586958 0.027479 0.188724 0.196839
0.705990 0.054488 0.066189 0.173332
0.380701 0.281278 0.139338 0.198683
0.673780 0.185525 0.059719 0.080976
0.477981 0.005523 0.367862 0.148634
0.113166 0.568887 0.012226 0.305721
0.544012 0.087147 0.138436 0.230405
0.181929 0.060558 0.140660 0.616854
0.072389 0.361630 0.089911 0.476071
0.174444 0.269322 0.413399 0.142835
0.264394 0.096124 0.249324 0.390159
0.091856 0.673927 0.225168 0.009049
0.483370 0.141358 0.065278 0.309994
0.384078 0.129822 0.233552 0.252548
0.386710 0.362375 0.009583 0.241331
0.519622 0.271214 0.000205 0.208958
0.110722 0.365235 0.480404 0.043640
0.091080 0.305261 0.540925 0.062735
0.395616 0.043696 0.554656 0.006032
0.167998 0.210944 0.366042 0.255016
0.050162 0.337133 0.392328 0.220377
0.209916 0.090122 0.371261 0.328701
0.120033 0.168385 0.283529 0.428053
0.140979 0.017735 0.115952 0.725333
0.105349 0.348727 0.369582 0.176342
0.176692 0.228661 0.202326 0.392321
0.049311 0.231298 0.294524 0.424867
0.079590 0.495559 0.092046 0.332806
0.146678 0.761887 0.047775 0.043660
0.317225 0.009943 0.122368 0.550464
0.094847 0.446084 0.000727 0.458342
0.244602 0.083515 0.638703 0.033180
0.290472 0.416147 0.181485 0.111896
0.021341 0.493558 0.189057 0.296044
0.383049 0.567521 0.001055 0.048375
0.035694 0.601574 0.235946 0.126786
0.143861 0.490343 0.235773 0.130023
0.597552 0.354865 0.035687 0.011896
0.107100 0.276775 0.455303 0.160822
0.256639 0.254221 0.189578 0.299561
0.222181 0.364811 0.007963 0.405045
0.119360 0.097872 0.664587 0.118181
0.412310 0.051176 0.431611 0.104902
0.040859 0.031001 0.594202 0.333939
0.164134 0.633097 0.129363 0.073406
0.495779 0.000752 0.280234 0.223234
0.334171 0.373104 0.035065 0.257661
0.410695 0.061016 0.278095 0.250194
0.161728 0.046368 0.462373 0.329532
0.108480 0.447521 0.381439 0.062560
0.608398 0.095633 0.281738 0.014230
0.485792 0.257625 0.199752 0.056831
0.144042 0.382769 0.108189 0.365000
0.400183 0.279767 0.201629 0.118421
0.330025 0.056638 0.542742 0.070596
0.351073 0.238514 0.043425 0.366988
0.168638 0.267837 0.493578 0.069948
0.188756 0.361198 0.340986 0.109060
0.225373 0.005307 0.464413 0.304907
0.008369 0.354180 0.526051 0.111401
0.381583 0.479809 0.081104 0.057505
0.569530 0.118552 0.079523 0.232395
0.001411 0.060560 0.485336 0.452694
0.145685 0.412942 0.283876 0.157498
0.726966 0.032175 0.209472 0.031387
0.203586 0.200565 0.112876 0.482974
0.371034 0.240642 0.366733 0.021590
0.523270 0.364360 0.004758 0.107612
0.063267 0.126872 0.624376 0.185485
0.003593 0.200203 0.098489 0.697715
0.104910 0.303839 0.354751 0.236500
0.342298 0.158829 0.216845 0.282028
0.199878 0.055426 0.459344 0.285352
0.031766 0.411639 0.310750 0.245845
0.453991 0.286620 0.248919 0.010470
0.279844 0.426794 0.100243 0.193120
0.222618 0.291720 0.258251 0.227412
0.185953 0.111772 0.529165 0.173109
0.128884 0.208863 0.599241 0.063012
0.208230 0.156074 0.165771 0.469925
0.262342 0.466134 0.122883 0.148641
0.542147 0.292731 0.009772 0.155350
0.045928 0.435321 0.350322 0.168429
0.006989 0.682950 0.126557 0.183504
0.053986 0.160784 0.114381 0.670850
0.004384 0.395460 0.408522 0.191633
0.035290 0.058927 0.795185 0.110598
0.025157 0.687494 0.217651 0.069698
0.611554 0.085999 0.180175 0.122271
0.544988 0.060560 0.321221 0.073231
0.187451 0.726395 0.009573 0.076582
0.050737 0.353406 0.312734 0.283123
0.479791 0.073615 0.103764 0.342831
0.193345 0.585182 0.014996 0.206477
0.176495 0.334418 0.325878 0.163210
0.332513 0.123276 0.312626 0.231585
0.283003 0.317156 0.370290 0.029550
0.292451 0.213880 0.324459 0.169210
0.547752 0.246541 0.166103 0.039604
0.326191 0.000533 0.435722 0.237553
0.015648 0.282920 0.364993 0.336439
0.014505 0.195336 0.341363 0.448795
0.797458 0.164976 0.015712 0.021854
0.553909 0.309989 0.063075 0.073027
0.315231 0.347770 0.084003 0.252996
0.326492 0.254655 0.302229 0.116624
0.194902 0.154886 0.608497 0.041715
0.666542 0.255337 0.021348 0.056773
0.393099 0.027284 0.422510 0.157107
0.420578 0.209865 0.174689 0.194868
0.000614 0.657959 0.307153 0.034274
0.441319 0.355150 0.194728 0.008803
0.157315 0.354554 0.077267 0.410865
0.283772 0.118417 0.200512 0.397299
0.401520 0.078652 0.505618 0.014210
0.612010 0.250530 0.006230 0.131230
0.159221 0.369519 0.170333 0.300927
0.000400 0.231114 0.219590 0.548896
0.182012 0.052134 0.379390 0.386463
0.142308 0.003955 0.425880 0.427857
0.237961 0.060049 0.185986 0.516003
0.008905 0.494762 0.043534 0.452799
0.125202 0.000807 0.211603 0.662388
0.775208 0.047263 0.132453 0.045076
0.055485 0.222001 0.524932 0.197582
0.119356 0.316267 0.559516 0.004861
0.111041 0.363548 0.312389 0.213021
0.259723 0.108641 0.335517 0.296119
0.144116 0.229727 0.003416 0.622741
0.013741 0.315696 0.145269 0.525294
0.059709 0.094987 0.311834 0.533470
0.095773 0.125872 0.708908 0.069446
0.499216 0.156855 0.338286 0.005642
0.590923 0.245508 0.112332 0.051237
0.470307 0.336337 0.090332 0.103024
0.340200 0.606361 0.004310 0.049129
0.229856 0.320581 0.085962 0.363601
0.218488 0.138090 0.512102 0.131320
0.383251 0.000195 0.387079 0.229474
0.082359 0.334733 0.138045 0.444863
0.110403 0.580960 0.278630 0.030007
0.167662 0.070951 0.731259 0.030127
0.057479 0.063311 0.093791 0.785419
0.702872 0.041355 0.142248 0.113525
0.002849 0.503157 0.110949 0.383046
0.046351 0.733691 0.021608 0.198351
0.089518 0.401507 0.155506 0.353469
0.138051 0.104000 0.096752 0.661197
0.403329 0.337828 0.099043 0.159800
0.213921 0.005485 0.535527 0.245067
0.171120 0.423089 0.115055 0.290736
0.015827 0.465634 0.000387 0.518152
0.037580 0.294058 0.609076 0.059286
0.095452 0.144823 0.575045 0.184680
0.004778 0.438363 0.067318 0.489541
0.273990 0.201237 0.004743 0.520030
0.510646 0.027448 0.224198 0.237708
0.196996 0.115898 0.409526 0.277580
0.314200 0.440207 0.240805 0.004788
0.426443 0.206844 0.292524 0.074189
0.491017 0.157591 0.150383 0.201009
0.296316 0.055051 0.526444 0.122189
0.146896 0.453726 0.321286 0.078091
0.381543 0.110663 0.140289 0.367505
0.117647 0.032142 0.564363 0.285848
0.094858 0.169471 0.511780 0.223891
0.287312 0.044859 0.418521 0.249308
0.397831 0.410113 0.080715 0.111342
0.246241 0.271620 0.068767 0.413373
0.191135 0.083703 0.305990 0.419172
0.257629 0.069617 0.073909 0.598845
0.150958 0.002037 0.253866 0.593139
0.015523 0.126628 0.394503 0.463346
0.259493 0.418283 0.316813 0.005411
0.281077 0.063535 0.475107 0.180280
0.285388 0.336839 0.191417 0.186356
0.536120 0.162172 0.078831 0.222877
0.175505 0.114558 0.598624 0.111313
0.069795 0.624249 0.109845 0.196112
0.585125 0.007533 0.044925 0.362416
0.072752 0.110855 0.568673 0.247721
0.484149 0.196429 0.068720 0.250702
0.234590 0.581075 0.178190 0.006144
0.016412 0.053643 0.278474 0.651470
0.151774 0.317845 0.059056 0.471326
0.006462 0.222370 0.437043 0.334125
0.009360 0.228400 0.533073 0.229168
0.049145 0.304744 0.459597 0.186514
0.188393 0.149214 0.220578 0.441814
0.666345 0.103569 0.124035 0.106050
0.072464 0.795231 0.071295 0.061010
0.486440 0.350302 0.161088 0.002170
0.061517 0.154105 0.510661 0.273717
0.239405 0.213326 0.527471 0.019798
0.090176 0.431004 0.238082 0.240738
0.075536 0.061945 0.013591 0.848928
0.337139 0.315785 0.019873 0.327203
0.203312 0.667057 0.012043 0.117588
0.046612 0.552979 0.370678 0.029731
0.192890 0.244812 0.047375 0.514924
0.004538 0.756172 0.048979 0.190311
0.630055 0.035765 0.103129 0.231051
0.314469 0.178704 0.295638 0.211189
0.085973 0.085347 0.377552 0.451129
0.162496 0.181521 0.116468 0.539516
0.012576 0.618047 0.021388 0.347990
0.103541 0.713368 0.123785 0.059306
0.382890 0.107631 0.046043 0.463436
0.312409 0.176691 0.065511 0.445388
0.301097 0.101500 0.060747 0.536656
0.310553 0.151673 0.177767 0.360007
0.322430 0.341564 0.202280 0.133725
0.394993 0.296131 0.064334 0.244541
0.083283 0.030743 0.140634 0.745340
0.195473 0.355030 0.198592 0.250905
0.367808 0.434500 0.046105 0.151587
0.159998 0.309692 0.426212 0.104097
0.084518 0.042654 0.781552 0.091276
0.240826 0.402322 0.000207 0.356644
0.113816 0.317248 0.180551 0.388384
0.241434 0.186586 0.126860 0.445120
0.338822 0.076884 0.376019 0.208275
0.006187 0.301543 0.399968 0.292303
0.368000 0.406080 0.218348 0.007572
0.463631 0.001820 0.143179 0.391371
0.345663 0.285945 0.186854 0.181538
0.227329 0.382214 0.088543 0.301915
0.302291 0.672979 0.015997 0.008733
0.558619 0.063645 0.375553 0.002183
0.166030 0.251638 0.140238 0.442094
0.270631 0.589400 0.123785 0.016184
0.499550 0.039573 0.277142 0.183734
0.234894 0.144166 0.265152 0.355788
0.116040 0.242301 0.274145 0.367514
0.044813 0.156628 0.173559 0.625000
0.151675 0.225770 0.443789 0.178767
